0 3455
1 2081
2 1372
3 3971
4 2509
5 57
6 4320
7 3390
8 2265
9 3108
10 2772
11 4439
12 2594
13 3874
14 3812
15 271
16 762
17 2221
18 490
19 3213
20 2458
21 0
22 1706
23 1649
24 326
25 597
26 3258
27 3120
28 3539
29 3025
30 3529
31 535
32 615
33 2054
34 2571
35 1099
36 3100
37 3305
38 2688
39 2696
40 4026
41 997
42 3940
43 2970
44 3894
45 3158
46 2514
47 2429
48 573
49 1748
50 2792
51 2763
52 2128
53 1015
54 4063
55 1067
56 72
57 4095
58 2997
59 1410
60 3583
61 3259
62 1636
63 1968
64 2663
65 1753
66 2184
67 3678
68 4455
69 2528
70 3293
71 1893
72 3106
73 2803
74 91
75 2744
76 4382
77 33
78 990
79 3820
80 2453
81 1044
82 147
83 2255
84 455
85 4127
86 132
87 2086
88 1028
89 2992
90 2080
91 2823
92 266
93 4184
94 2041
95 2660
96 2416
97 4175
98 1605
99 2511
100 3702
101 1550
102 3399
103 3257
104 3089
105 4261
106 2981
107 3153
108 4474
109 2276
110 3056
111 3788
112 4096
113 1321
114 810
115 4144
116 2597
117 1035
118 4231
119 4
120 1719
121 2318
122 2550
123 2841
124 776
125 2724
126 129
127 2434
128 2420
129 3362
130 1385
131 449
132 2060
133 2682
134 1578
135 3033
136 2091
137 3271
138 112
139 3596
140 1357
141 1062
142 2305
143 1254
144 2450
145 1452
146 2540
147 2245
148 3537
149 3420
150 2171
151 3612
152 4150
153 4165
154 3222
155 4003
156 1140
157 4434
158 304
159 3017
160 928
161 4101
162 1277
163 3511
164 2698
165 1489
166 88
167 3364
168 1463
169 2447
170 1620
171 3857
172 1406
173 1470
174 2042
175 2504
176 335
177 2956
178 3715
179 22
180 7
181 2747
182 1898
183 739
184 217
185 2984
186 3323
187 1013
188 3026
189 1837
190 2121
191 3884
192 3926
193 3398
194 185
195 1896
196 2161
197 610
198 2818
199 804
200 826
201 677
202 901
203 920
204 4085
205 3093
206 4487
207 1728
208 4470
209 3382
210 584
211 1763
212 3473
213 3064
214 1810
215 1863
216 3758
217 1260
218 1483
219 642
220 2880
221 4116
222 3723
223 2180
224 4359
225 3016
226 1497
227 1017
228 868
229 3279
230 3344
231 764
232 1828
233 3045
234 671
235 337
236 3605
237 613
238 659
239 971
240 403
241 2023
242 4371
243 285
244 1194
245 197
246 461
247 1373
248 1468
249 3992
250 2670
251 127
252 15
253 4203
254 470
255 3233
256 1909
257 917
258 3688
259 184
260 1523
261 3236
262 1176
263 1984
264 985
265 3833
266 60
267 3489
268 2282
269 3419
270 4523
271 2608
272 3060
273 73
274 1520
275 4332
276 113
277 3948
278 24
279 786
280 121
281 4083
282 3912
283 4137
284 3151
285 4423
286 3206
287 4307
288 3058
289 1228
290 3359
291 4040
292 651
293 4374
294 2662
295 368
296 1221
297 4480
298 2365
299 551
300 3173
301 967
302 1548
303 2269
304 3078
305 1312
306 69
307 153
308 3129
309 4290
310 1517
311 4279
312 2134
313 1039
314 3831
315 2486
316 2290
317 1158
318 4520
319 1438
320 2968
321 347
322 4011
323 2998
324 2313
325 4549
326 419
327 13
328 4448
329 2300
330 3021
331 1375
332 3490
333 2292
334 2045
335 3226
336 2833
337 1143
338 1376
339 1559
340 3564
341 2074
342 4082
343 1532
344 1537
345 4528
346 1777
347 3019
348 2326
349 322
350 4385
351 162
352 3084
353 3285
354 3665
355 4379
356 2367
357 4156
358 3453
359 3001
360 3896
361 501
362 3836
363 3773
364 2352
365 1269
366 1179
367 566
368 3904
369 648
370 2551
371 3300
372 1940
373 3647
374 3457
375 3559
376 190
377 354
378 1727
379 4478
380 2659
381 1958
382 2764
383 3341
384 993
385 945
386 3868
387 4172
388 1308
389 1427
390 2636
391 1571
392 4236
393 1589
394 572
395 4021
396 770
397 3439
398 539
399 248
400 2941
401 2673
402 690
403 3424
404 1560
405 828
406 1700
407 763
408 3780
409 2719
410 845
411 2683
412 3500
413 4500
414 2329
415 2142
416 3958
417 2558
418 3204
419 2627
420 1867
421 2315
422 840
423 784
424 507
425 2299
426 1202
427 3274
428 3561
429 49
430 371
431 3932
432 668
433 2674
434 3636
435 3217
436 2192
437 908
438 4163
439 3804
440 351
441 4531
442 4432
443 4222
444 19
445 3870
446 3218
447 2630
448 2979
449 2553
450 2692
451 3092
452 3637
453 1059
454 487
455 1547
456 2869
457 2194
458 182
459 475
460 2129
461 2935
462 150
463 325
464 1414
465 56
466 847
467 2357
468 3676
469 2746
470 1183
471 4044
472 3449
473 3160
474 395
475 2533
476 3282
477 1247
478 2385
479 4131
480 1629
481 102
482 1104
483 3036
484 4498
485 1000
486 1235
487 4036
488 2436
489 4269
490 3843
491 2030
492 1409
493 3333
494 3148
495 2516
496 665
497 2239
498 4241
499 3184
695 2359
797 824
1008 3096
1051 1354
1106 3864
1307 2160
1403 2076
1816 1199
1971 4309
2177 2136
2514 434
2912 643
2986 64
3193 4145
3366 2106
3454 2302
3570 316
3623 4081
3793 978
3966 2444
4073 1233
4313 1930
504 1888
728 2784
1015 4182
1049 471
1273 2254
1309 3270
1786 649
1910 268
2156 3920
2374 3370
2401 3196
2463 4208
2938 2867
3195 1498
3379 2480
3478 3488
3716 1603
3751 540
3941 2570
4011 2297
4350 1045
4537 1467
671 3301
688 3334
744 3431
900 167
1099 315
1272 619
2046 1525
2461 2536
2678 856
2827 2448
3641 82
3881 140
825 3312
1167 2360
1578 1805
2213 692
2502 3521
3015 3387
3101 890
3679 1780
3992 3240
571 1436
650 1079
882 370
941 3584
1086 4329
1154 3639
1210 1196
1215 155
1265 2512
1565 2010
1604 1808
1612 2903
1771 4458
1872 3123
1902 4232
2026 2445
2309 1225
2489 3935
2509 1281
2521 2995
2920 2677
3102 2387
3305 191
3459 3653
3538 3368
3636 396
3745 4511
3853 3386
3989 1129
4016 2166
4228 1127
4236 1831
4368 1618
1909 3699
507 855
609 1906
726 3109
896 2431
1209 2505
1321 440
1464 3046
1631 3057
1680 3186
1864 2665
1967 3965
1974 4462
2377 4426
2536 2622
2728 2096
2810 3893
2931 2497
3065 3268
3167 1300
3412 830
3662 4316
3741 2118
3953 4136
4026 1876
4089 1614
4449 3551
595 925
773 528
928 4529
998 445
1020 452
1135 4308
1206 2799
1221 1696
1236 2615
1840 1807
2007 3103
2107 2822
2336 4297
2516 3899
2545 598
2583 2793
2847 1501
2869 2440
3072 715
3438 1991
3508 1582
3567 4008
3734 1094
3977 3142
4139 4284
4344 2257
4545 4169
516 323
562 923
623 4248
646 1759
752 2733
809 2377
847 110
905 1088
916 512
946 3661
953 280
1025 4514
1030 1554
1128 2176
1159 1264
1222 1664
1296 3999
1395 378
1399 2479
1411 1119
1449 1542
1490 2075
1512 1604
1577 4183
1693 2959
1724 1541
1766 3718
1831 719
1938 97
1978 3590
1982 3714
2031 1549
2068 2024
2088 3847
2092 3554
2127 1887
2159 1416
2169 1508
2181 1973
2222 1873
2337 683
2357 1995
2404 1786
2429 1477
2478 374
2531 1792
2553 2707
2614 1640
2636 2411
2726 705
2734 2975
2796 1314
2800 1686
2862 3104
2945 2626
2984 2053
3056 4186
3100 3304
3117 3492
3139 1535
3157 1540
3180 1783
3213 4278
3228 4104
3249 1048
3286 2734
3343 2506
3363 76
3391 3909
3428 3670
3435 3700
3474 814
3543 3982
3601 2579
3640 3546
3740 308
3774 1101
3879 524
3975 959
3999 1935
4046 1082
4083 3837
4113 848
4151 2802
4200 4255
4296 1653
4332 1669
4377 2900
4386 2871
4462 3694
4492 4384
4554 4046
1052 2008
2555 3195
2998 3944
4299 3043
601 198
925 3299
1127 4256
1298 2817
1439 3228
1585 2737
1610 3189
1696 270
1849 115
1993 2542
2232 3360
2640 1246
2673 1675
2717 310
2965 779
3048 3619
3176 3743
3229 274
3845 884
3955 3137
4149 3193
4268 1643
4373 3942
531 2088
638 1118
714 3178
736 896
754 1257
767 1850
801 679
863 1177
874 4383
919 344
942 3550
1066 2894
1148 2756
1195 2555
1270 3769
1308 1943
1331 823
1387 3188
1474 418
1539 1866
1557 4445
1587 3393
1636 1042
1665 822
1757 1509
1793 558
1833 2266
1888 2920
1959 1848
2024 1941
2036 1814
2128 4516
2197 3294
2237 2876
2262 1298
2291 3970
2338 585
2406 911
2473 3994
2513 518
2520 3172
2551 4174
2611 4343
2639 2407
2695 1135
2760 3673
2842 4459
2881 2510
2940 710
2987 1289
3018 2145
3077 3943
3122 846
3173 1869
3211 1724
3269 806
3280 4162
3405 3434
3414 1986
3469 3468
3475 2400
3499 2893
3575 2652
3654 1392
3685 841
3813 740
3832 2930
3918 1469
3923 1681
3939 1090
3990 3055
4048 2240
4078 4004
4112 3908
4129 2378
4203 3765
4297 1412
4451 1755
4480 2382
4539 521
1544 3954
1901 1507
2444 3328
2751 2836
3358 425
3799 2964
4326 3392
4435 1110
1023 1966
1140 2048
1233 4399
1504 4053
1668 2850
1827 3456
1980 103
2208 623
2494 3316
2599 4360
2757 177
2970 3841
3212 3384
3599 2031
3677 3736
4004 3880
4229 972
4353 3829
4483 4348
618 496
1036 1841
1416 1925
1944 2169
2095 2380
2250 1569
2466 406
2729 3099
2983 2285
3580 2750
3927 2056
4234 131
4361 3568
4426 467
4488 1816
746 785
864 650
1168 2205
1450 356
2465 581
3044 4277
3251 2242
3316 1576
3340 4252
3536 849
3800 1396
3940 2864
4117 697
4507 603
1674 1594
4536 3538
657 1451
841 865
1047 509
1310 3508
1402 3713
1516 3198
1597 4534
1708 2661
1829 2409
2002 3121
2218 330
2321 1040
2436 2267
2527 2545
2658 3985
2853 1775
2904 748
3080 251
3126 3037
3224 4463
3367 4178
3397 3194
3429 3922
3587 549
3773 861
3908 3569
4006 4548
567 3770
1481 2855
1859 942
2346 2593
2587 684
3010 1226
4133 1522
4413 299
827 2310
1721 2386
1955 644
2667 996
3568 3799
4303 1889
763 4334
800 128
878 3542
978 4556
1455 533
1685 858
1789 1043
2205 4325
2323 3860
2654 4140
2788 1365
2906 4191
3073 617
3181 2896
3669 1918
3754 2535
3867 2856
4226 3757
4247 2638
4324 1651
4445 4019
4466 1660
527 3524
872 1598
1477 3720
2355 1332
3619 2644
701 979
1555 2374
2361 4109
2477 2787
2916 4403
3518 3005
3767 2971
3865 1588
534 3955
1016 543
1397 1403
1715 701
2880 1883
3480 2467
3962 2973
634 4067
1119 661
1204 536
1897 474
2602 1903
2873 3395
3273 4561
3466 1530
579 1574
1212 3494
1376 464
1473 1875
1669 1964
1826 2891
2041 3731
2074 428
2696 3739
3274 3008
3420 3322
3836 2415
4119 2170
4550 462
1090 46
1343 630
1443 691
1930 2209
2558 2225
2687 1103
3823 3796
3892 2493
544 591
615 382
1149 1133
1328 2017
1431 3839
1591 2629
1806 3536
2648 283
2775 1688
3165 1611
3337 4475
3696 141
3877 717
4161 1324
4256 1524
4355 3251
4372 3669
4513 4206
570 2202
778 1236
1103 2640
1161 1102
1261 2330
1720 2252
1866 2842
2023 3580
2188 1400
2261 1757
2837 3075
3066 3826
3225 4492
3422 2507
3841 2193
4102 4090
4163 4265
4346 4291
4370 3397
4459 3565
617 3086
1122 4451
1375 688
1593 3506
1673 1512
2130 108
2365 1145
2852 673
3504 4092
3666 2977
3828 974
540 3593
1013 2731
1890 2133
2613 1171
4142 4010
551 2277
607 3140
846 989
898 1729
976 4273
1333 3881
1592 894
1642 3066
1946 930
2084 1617
2139 1445
2335 3890
2609 3011
3078 3292
3301 3342
3488 1297
3873 2117
3957 3533
4033 620
4220 1041
4338 3768
4506 1330
894 2201
2762 23
4105 815
538 1149
932 593
1071 1146
1362 1553
1435 458
1605 1634
2134 1825
2607 1147
2979 3230
3598 1389
3876 253
4044 4299
4395 1500
520 720
598 36
674 1685
692 3577
785 3807
810 1150
840 1290
936 2410
958 2116
1032 342
1075 3339
1160 575
1175 2895
1183 2154
1227 294
1235 556
1269 3815
1522 4562
1651 3656
1735 4337
1763 1577
1851 247
1883 1462
1951 3311
1997 3091
2029 3967
2052 34
2097 2518
2119 1773
2233 3726
2351 4246
2363 244
2390 1715
2430 4453
2572 4493
2653 238
2722 4484
2738 2443
2789 84
2848 1674
2884 3585
2985 1742
2999 3824
3063 3813
3105 3766
3220 3818
3226 1429
3270 1692
3332 3729
3527 3107
3643 1320
3783 2742
3792 3927
3818 3212
3929 1388
3996 295
4086 1785
4121 1473
4146 2111
4185 1590
4240 3991
4275 3371
4310 3318
4339 1835
4405 3798
4410 537
4418 420
4484 2321
4514 1503
628 747
1528 1698
1743 265
1824 2795
2443 476
3408 1071
3875 3404
4036 4176
4238 1880
2659 2079
3979 1857
723 55
1057 4075
1095 375
1116 2810
1178 4240
1248 3613
1420 3797
1675 698
2158 2720
2257 3356
2418 4050
2641 2132
2764 4406
2902 2019
3054 264
3387 4431
3400 1263
3566 4546
3604 3412
4058 892
4166 4120
4305 1096
756 1641
983 3423
1014 4280
1124 1760
1133 602
1445 2499
1480 3383
1622 811
1692 2610
1768 1499
1805 3402
1898 3979
1962 3054
2180 2689
2235 4416
2400 782
2542 1201
2770 392
2870 3484
2910 263
3036 541
3306 119
3374 2219
3396 2433
3560 3891
3628 1148
3747 2782
3862 438
4084 3241
4259 805
4432 926
525 1644
610 949
837 2561
1115 2459
1488 4130
1532 2490
1690 1240
1828 4122
2034 1740
2056 2067
2371 3403
2476 3913
2541 432
2597 2774
2631 735
2743 2602
2864 48
3061 3978
3124 1180
3326 569
3528 1701
3786 4247
4020 314
4126 2039
4519 99
2176 381
3787 4378
673 1222
1434 44
1807 1954
2554 3651
2992 4452
3059 3587
3296 1716
3398 2966
4287 2749
848 1107
1659 2341
1809 3324
2066 2414
2172 851
2674 2188
2821 1081
3266 1864
3686 712
608 1203
1150 2852
1199 1929
1858 1510
3062 3460
3427 3873
4077 4022
4365 2234
4560 2097
632 3819
1260 3939
1471 2910
1785 2775
2011 4304
2168 4349
2212 4437
2452 2139
2570 2162
2804 3691
3257 3520
3687 2586
4080 1488
4159 1339
4399 3885
850 2745
1088 442
1345 4100
1943 269
2643 1690
2960 2768
3357 209
3529 3085
3771 336
3988 1735
4340 2147
4468 628
690 2655
1586 1327
1653 774
2755 4020
3244 2621
4392 3972
600 3111
760 1480
960 3401
1061 3231
1433 3530
1676 1457
1746 3772
1912 163
1966 2948
2249 3541
2484 146
2692 17
2893 2954
2930 1083
3355 1538
3658 2888
3896 2821
4276 2566
4374 2965
4522 3309
890 4396
1063 1989
1419 2339
1628 2650
1915 874
2136 2546
2325 1084
2519 1996
2941 2496
2991 1168
3192 1693
3317 2675
3763 2323
4246 854
505 4446
706 1002
911 2928
1097 4088
1340 2754
1479 3650
1524 1439
1734 90
2315 1378
2576 3950
2750 3771
2889 3809
3005 3929
3111 1008
3593 2247
3889 3973
4101 4229
4366 4342
566 4105
906 3859
1739 1204
1986 1027
1991 1413
2274 1121
3310 2847
3974 2687
764 1672
1889 2439
2872 1496
3320 3618
3607 2455
3757 3686
889 2905
972 2324
1141 3763
1545 2892
1613 3962
1736 332
1850 2199
2254 1432
2299 4054
2409 1528
2606 2158
2763 3783
3171 3410
3353 576
3483 3806
3629 2289
3727 3952
4062 2109
4214 1368
4249 4447
578 2183
2381 2303
3769 2094
4411 2123
939 2361
2946 4512
3107 493
4312 415
614 320
845 1836
1316 2421
1424 3790
1779 1491
2260 1010
2358 2671
2768 4286
3002 4535
3304 4123
3718 3634
3931 1707
4189 1586
4529 3553
1752 1279
4144 3747
697 4393
1096 2342
1281 289
1738 2853
672 3283
2230 3481
2302 2716
2590 1123
3495 1905
3698 4483
4202 2345
4489 1280
1083 2929
3325 3606
4417 429
1900 3225
4384 4315
1325 3834
1846 2120
2719 2645
4341 2404
1039 2828
1353 1922
1717 4239
2391 837
3133 3754
3645 1475
558 2237
751 616
1584 1749
1756 1827
1937 759
2313 1211
2562 1874
2887 3187
3097 3576
3519 1638
3791 188
4165 3579
842 634
2694 3523
787 4093
980 37
2617 3816
3503 4254
4243 3510
2735 443
4476 144
774 1993
828 1608
1623 1295
1728 2797
1854 4167
2236 1272
3160 1306
3577 3068
4241 1197
676 4115
1502 2355
2225 288
3026 3265
3874 795
4290 3711
835 1544
975 1366
1245 104
1283 965
1385 123
1647 1216
1939 1914
2311 1910
2442 1405
2650 2481
3426 1363
3544 3020
3860 2513
503 369
795 4554
1466 3975
2103 2062
2868 216
3439 852
1641 1344
2264 4099
2877 3667
3389 1878
4308 1047
1350 3363
1583 2046
2402 3192
2725 2999
3318 2704
4237 3814
1320 3290
2020 202
3886 2451
4279 410
1027 137
1495 261
1562 1788
1718 1224
3362 1022
3733 4389
3952 2138
4475 4355
1914 2235
4356 3483
2013 1691
912 4515
1552 1776
2792 3185
4195 2425
1169 561
2388 407
1125 4214
1706 447
1863 1478
3017 3207
3406 1982
4115 1206
4277 2474
1698 2501
2601 2590
2974 3575
3897 3174
588 2391
917 919
988 1268
2386 3782
2626 520
3134 571
4181 4460
1216 3315
1475 1343
2408 2398
3516 2866
554 3567
564 1172
605 1073
627 3917
743 882
770 1723
830 411
1078 3611
1220 4138
1294 1063
1313 367
1458 485
1588 279
1713 1804
1929 676
2035 1655
2070 1959
2288 3945
2376 3690
2559 3493
2594 733
2736 3915
2758 4418
2876 1565
2962 2951
3020 4471
3060 1527
3120 4271
3222 678
3281 2710
3513 71
3701 3823
3863 2669
3981 647
4155 790
4239 2231
4266 2249
4429 3115
4442 3969
4495 1315
4524 527
3292 4068
4433 2520
1566 52
2700 1030
3099 307
3491 2430
3713 4242
741 1340
3689 725
1370 633
2001 2124
3487 4391
3637 1556
3878 3774
555 3923
1112 500
1436 3249
1911 3949
2301 2702
2918 3517
4510 3041
4542 4112
993 2159
3131 3072
4546 693
3154 4351
594 2945
685 4181
707 2563
955 4005
1142 564
1188 1182
1323 1585
1507 1021
1719 1861
1775 233
1878 1174
1999 1774
2248 3466
2356 681
2485 2678
2972 3132
3182 2428
3233 1957
3287 1395
3352 638
3455 302
3573 756
3655 4368
3801 2376
4059 3925
4227 2922
4357 980
4450 1160
4491 3629
3006 4335
3298 3077
4056 1551
4253 1630
559 3035
696 3221
732 305
765 3421
1019 4358
1437 2815
1630 257
1798 718
2053 2418
2326 3229
2378 1581
2591 3630
2702 1702
2995 1360
3074 3237
3178 2037
3252 3388
3505 3474
3595 4282
3814 291
3903 1704
4106 3988
4205 4014
2027 28
3235 1923
2161 3697
4169 387
727 2721
962 390
1564 2848
1921 3795
2304 4557
2642 1167
2772 2270
3241 1846
3851 2314
4375 2524
4552 94
2799 4072
1338 2135
1979 3097
1289 1871
1625 1227
2244 3076
2777 4390
3197 70
3714 3446
3003 736
1548 2185
2203 4262
4383 609
957 1244
1558 42
1663 2213
1992 1349
2644 134
2976 2230
3911 3648
4042 771
4333 1077
1796 237
662 341
1158 424
1556 1345
1984 2494
2675 2055
2841 506
4001 680
4518 1370
731 1006
789 1157
1152 98
1303 4412
2703 1976
3057 1616
3561 2232
668 4361
1753 1956
2132 2666
4120 2543
1042 2790
1896 1431
3597 1768
1470 887
1835 3491
2062 724
2420 2296
3276 2515
3602 3266
4381 297
682 4193
1672 3183
3246 3911
3673 3800
3766 242
4454 1433
1231 1637
2221 1771
2782 883
2996 3675
3125 3314
532 3276
811 3856
891 1154
935 486
1211 454
1367 1932
1689 2218
2019 929
2040 2090
2102 766
2238 472
2458 161
2655 1003
2682 1662
2922 2990
3482 3684
3779 2340
3883 2736
4301 2325
4477 1105
759 4028
501 3749
1255 1313
2099 1823
2933 1646
981 168
1155 606
1834 625
2474 1293
3322 2050
4342 1459
581 618
1534 544
3756 2000
1601 3110
1741 3677
2256 629
2492 2886
3324 935
3437 2800
3633 1610
3794 2844
4354 3866
4443 1599
509 1014
651 3281
1011 532
3423 3951
831 1516
952 2664
1218 1424
2522 1309
2927 1170
3743 2695
613 2179
1349 3877
3657 4089
3858 2087
3937 1428
4294 2607
2038 1234
2851 937
3822 4000
517 2294
1067 3155
1614 1443
3688 2835
3834 1070
4288 444
737 1093
1200 3767
1617 362
3284 3010
3802 1890
2394 1739
3025 2198
4123 4339
2803 4002
3798 1423
4504 4164
1518 2306
1709 2757
2131 1485
2265 2758
2908 2556
3034 433
1021 1961
2202 4170
3764 2489
1916 1141
500 4476
1892 893
3103 388
3515 398
1621 2435
2936 3621
2334 3128
3014 355
1765 3465
2364 4542
3028 3352
3403 1623
742 408
2253 2246
1173 2348
3571 2854
1931 4007
2544 25
568 4076
2125 951
2712 2223
4190 3461
644 3471
4118 2838
4178 3910
1010 221
1305 3781
1879 2460
2785 2372
3206 1580
3917 1151
715 3326
1638 1243
2021 4160
3152 4281
3496 3252
3985 664
3371 1005
4009 498
3730 3717
769 2564
1484 4317
2296 27
2924 579
3506 4006
3703 2212
4027 3176
1113 96
1546 4151
2137 3485
2437 1843
2730 765
4444 4134
713 4213
1487 869
1770 2322
2566 4328
1463 2783
1839 126
3345 3617
995 1826
3198 727
4455 166
886 157
4437 1193
885 1390
1848 3375
4472 1319
2184 1155
3557 3654
3632 4417
3973 3042
1677 2849
2688 20
807 2327
2123 2004
2241 78
3563 2092
4401 1809
2006 1018
1782 1844
2690 4405
4068 933
1332 508
2966 1937
3067 1607
4029 435
1452 4091
2765 1648
1547 1200
2384 3742
3360 142
3840 936
857 3842
3329 1502
1132 4555
1875 4223
569 4540
2142 931
2246 4147
3016 3703
3196 334
3789 639
1007 741
2453 3850
3009 960
4331 3441
1259 2812
1054 1654
2971 2883
2903 62
2525 189
880 2351
3319 1671
1393 1790
3690 468
2588 2521
1223 3191
3846 430
2464 491
4460 910
766 530
2100 4027
2840 1513
2080 2156
3240 2227
704 2356
3464 4341
2508 3808
3032 1338
1745 1615
2578 1258
1695 1456
619 4467
3606 4146
2182 2021
2951 2280
712 4489
904 3776
1196 4456
2769 2461
2866 3070
3361 526
3890 3095
4421 1680
597 281
2187 2412
4141 798
1247 4212
2679 2860
4549 3029
4216 1971
813 340
3775 4233
642 1342
1423 4221
2680 2519
560 3447
2018 2994
2423 2301
3627 278
1055 2575
4007 4425
1405 2233
3024 3197
661 730
3545 695
1569 1282
2305 2363
3564 2605
2065 2937
4423 3733
1163 2806
3507 3127
3772 1064
4269 4077
3959 3272
2710 3865
3644 3113
2372 1732
2713 401
3303 1484
3808 4234
4441 1633
844 4363
511 4392
1923 423
2438 1275
4170 2260
1356 2643
3760 357
3812 2637
4218 3414
2342 1679
1784 39
3029 3830
4022 394
908 4537
1460 4357
1344 808
2645 4225
2628 998
4420 2741
2944 757
4306 3519
1540 1754
4311 1793
1068 3190
1940 3623
4486 2375
4270 3427
4327 4258
2523 3146
3179 555
1486 1769
4283 2819
1838 3320
1469 1945
3949 4058
3614 2426
1661 568
2106 2755
2973 2944
3969 4353
2954 2279
620 2693
1407 1521
4067 879
4002 3722
2118 3139
3046 1195
1147 1482
1432 4215
2584 4305
4206 4118
2481 321
3091 3396
2855 2690
565 2462
1918 2236
862 3998
4335 2373
2720 3822
1537 2771
3000 2531
4557 843
4292 3143
4017 4224
4000 1870
3934 1238
3548 954
1301 3125
1034 2582
3523 4078
4291 1218
776 3119
788 881
630 1192
4360 1442
3451 254
1747 834
4286 2441
3555 772
3933 2029
1764 3355
3231 2353
1089 729
3852 3761
675 86
3719 3262
1554 791
2189 222
3256 755
1330 1311
2067 3503
3288 3452
969 484
4128 3760
3364 3022
4512 4559
2547 2730
2370 116
3113 4505
1699 2354
1517 2859
1118 4001
3728 2009
4147 2912
3155 1737
589 2932
2276 169
2895 338
4328 2613
3750 1998
2154 1331
2817 984
3752 4449
2243 4519
514 4177
1184 2717
1924 1756
3471 1631
1686 3329
2978 2003
3215 685
1871 3578
2823 2309
2434 14
4131 1058
3372 4111
4154 226
2300 1399
1662 1294
4193 1474
686 1613
790 731
4467 1624
573 2534
2615 1936
881 1563
3093 1750
1961 1097
2787 3986
3902 2829
1482 706
2417 2203
1388 2898
602 1678
1853 3752
2812 3622
3782 3872
3535 1950
4439 1972
1421 3907
3942 983
4318 1348
1520 3223
3207 873
1062 181
3328 505
2293 3828
3610 4318
2501 3844
2283 653
3430 4039
4300 234
2470 2093
1006 3610
1515 1632
3094 2826
733 2241
1990 2632
2410 2484
954 3105
804 4135
2844 1481
4076 958
1934 3983
3517 1333
2919 2805
3258 4048
782 2253
1947 3288
4104 2366
884 522
822 4157
3870 3260
834 3905
2901 1163
851 3727
4099 4380
871 3887
1987 3152
2835 1684
2382 3775
1995 1156
1567 4312
1189 4272
3837 4024
1400 1504
4521 1969
1384 1384
3554 2760
3344 2779
2422 2604
3574 4235
1758 2390
4079 666
2737 364
2704 212
1203 3685
3146 2538
2824 4199
1291 3044
2649 3683
2104 54
1351 3597
3616 3514
1366 803
4091 2399
1408 1683
3262 1992
1530 1061
1559 4404
2215 4435
1640 2962
1618 3851
4173 3682
3681 1455
1667 2217
1945 915
3511 228
2629 4553
3624 2064
2592 687
3175 1794
4097 1422
2094 3745
2618 404
3291 1798
3377 3778
2289 3598
2303 450
3987 4267
3815 1851
2657 236
2766 482
3242 2259
2947 1687
3910 2576
3715 2331
3386 2752
3709 1007
